1.10556703256
0.974023412065
0.938335298314
0.884250080837
0.869288050324
0.840016216226
0.819896620586
0.802261466063
0.822223142706
0.794537530588
0.781865435045
0.768067068698
0.766609347955
0.756182227129
0.764742720195
0.742226341494
0.770152159265
0.745692013694
0.729103322981
0.723789363735
0.74473163089
0.723776283693
0.706320148694
0.704704534162
0.700257872829
0.713971378659
0.705900041277
0.706743170433
0.688600383033
0.688899133839
0.679239843638
0.667504149893
0.661973148946
0.659304044961
0.656217781438
0.653971366256
0.658462574048
0.648429017885
0.64601744965
0.648156257855
0.643549792198
0.640270761936
0.644269291463
0.64536684378
0.642371968099
0.650673671724
0.641827579107
0.651263846028
0.637763375183
0.636874690296
0.637371686727
0.638808507989
0.634755521686
0.637204990382
0.634658339368
0.63495021603
0.633572618774
0.630278381497
0.627451499897
0.626987856155
0.629774477461
0.624330663944
0.623764940678
0.620461083068
0.617581656569
0.619465356471
0.619703523214
0.618022283978
0.616103710842
0.613162867539
0.615798434058
0.614416050683
0.60724255974
0.611944992899
0.610118731684
0.611937776235
0.609851215433
0.615585632288
0.607649205493
0.613225930954
0.627996406798
0.615924228762
0.608654160459
0.610704947134
0.605675440088
0.604999600038
0.604582079786
0.600086310233
0.604197558181
0.600418506131
0.599203792605
0.598454021707
0.597904678828
0.600260150584
0.595846291278
0.599901337491
0.594612222654
0.594652147555
0.592460091063
0.593814891312
0.59594650042
0.591860121413
