1.14705512074
0.975890314219
0.924953059607
0.927226201043
0.897100909089
0.865827626112
0.847309120609
0.804722366293
0.77796112926
0.762090179908
0.732666807166
0.706780876033
0.702291993131
0.67272990876
0.689370010865
0.668618289802
0.640030072086
0.629848843213
0.643375438562
0.652164169964
0.631118639275
0.635975732244
0.631350343463
0.639061460824
0.612485283429
0.618204504558
0.588607224419
0.5810904819
0.554054693086
0.546694729153
0.528386232563
0.524923411265
0.508758222113
0.528925900422
0.515527020074
0.490592946271
0.524114342974
0.496273457492
0.471610838881
0.461079407424
0.439599550476
0.426693710239
0.438729458113
0.412793519506
0.424512544705
0.40391475599
0.422254757299
0.433759614817
0.412480404687
0.404738684741
0.389370243894
0.43001962986
0.427487807504
0.440410247693
0.407790545549
0.389207346818
0.387374825888
0.381479829468
0.392618257189
0.411215897854
0.3777649862
0.368663049795
0.382446915675
0.361482635954
0.375263103395
0.419973246334
0.424620168941
0.409456750173
0.432311460846
0.399645986922
0.391134539028
0.373955340929
0.364750279013
0.366883633349
0.429554726386
0.375336161747
0.367087862551
0.359588683629
0.35630448358
0.345094009699
0.346782983511
0.359369805443
0.347909718712
0.362142552222
0.351382396417
0.354411685316
0.348715370872
0.347446998669
0.337481835158
0.347816957378
0.345590545693
0.35131464534
0.371664742209
0.342943454624
0.345045305844
0.341958516331
0.339167137561
0.35209454695
0.336930905882
0.335614103286
0.352285124005
0.341501098201
