1.18664781407
1.0886837476
1.0022420207
0.981413278558
0.94825730917
0.914829127334
0.831331026647
0.819876392327
0.756081947467
0.743802006983
0.731280624293
0.760550950512
0.732821127407
0.718898520678
0.692188329059
0.638651243968
0.617569269465
0.609174265226
0.568591045392
0.561784269841
0.579791161576
0.582240563556
0.518296262008
0.520213885465
0.528184548169
0.539763198048
0.531685281153
0.518948555465
0.51655839234
0.472605439454
0.490986947494
0.487608516223
0.463918923631
0.461989250278
0.506659353057
0.500079261291
0.49651795794
0.506277724094
0.460278320759
0.435759082126
0.455356295143
0.458283050394
0.452700174813
0.424767920343
0.418267300345
0.42145333957
0.432441828097
0.470755549971
0.433028257254
0.403211483392
0.415004025948
0.408047283119
0.390352371479
0.381962357534
0.403932141993
0.403846112027
0.386884304899
0.396143178296
0.381662808047
0.386410886718
0.384235535487
0.388002333196
0.387353248759
0.368310757088
0.376133477532
0.359115052736
0.367959214045
0.368628144684
0.346824380805
0.40860647266
0.460435704329
0.461128654248
0.414670184941
0.3894726462
0.391038681926
0.374198643906
0.362832918933
0.388560161985
0.369777179778
0.351424129115
0.348873892332
0.357162852229
0.353388497394
0.349720440252
0.354272838827
0.338249878201
0.351205452741
0.368866318805
0.348123180014
0.351314299999
0.337480643483
0.331633683104
0.317759760352
0.316569008057
0.311648084561
0.31405734564
0.31854756987
0.304298631231
0.295437025313
0.318789903992
0.322245625377
0.31251671876
