1.22366299719
1.12849205784
1.11168043975
1.08126020898
1.03833362961
1.00355346581
0.974472323435
0.972619081545
0.917671536346
0.91494693588
0.858689228151
0.874393434436
0.856821195829
0.796722162279
0.799338917879
0.75379573654
0.736799733405
0.70248398981
0.692528819112
0.675369368943
0.67578588872
0.671027862551
0.657189362642
0.632730925334
0.659251137589
0.61307450987
0.624795245714
0.606844571905
0.592640875934
0.624304080098
0.597083544149
0.569737495447
0.549665239685
0.556217213048
0.55617526787
0.592175404867
0.557202118481
0.556908614062
0.529625203123
0.530762263998
0.53814068208
0.574211416462
0.54940181226
0.563239034154
0.517453296962
0.504883455216
0.498789508027
0.510698981069
0.51306740893
0.517693814677
0.4958954771
0.494580421253
0.524082766988
0.470770445104
0.494302932143
0.490312192193
0.495077502493
0.46640126003
0.448190624259
0.450998104931
0.426962365315
0.421905084742
0.425555315383
0.419361798599
0.423310865375
0.428620638232
0.440576569882
0.445935378386
0.416524243859
0.475277552224
0.432167071655
0.435518430913
0.430754606781
0.419037746087
0.470193478015
0.454219013072
0.431559674616
0.431440000699
0.431947492525
0.4131781041
0.403060332302
0.40567562548
0.388253221558
0.390706636184
0.392128957364
0.391951751477
0.401900752299
0.38801147982
0.449944690787
0.42533338856
0.419347840287
0.401901564652
0.410880330936
0.398818134841
0.398694854712
0.405573190605
0.388010007377
0.412649583116
0.41617435071
0.387182574162
0.410446502226
0.393706430438
