0.168057391346
0.198351922751
0.20091318231
0.203551084336
0.196773641447
0.200332560418
0.204108346923
0.205045278928
0.204789754269
0.201114363538
0.210735774736
0.202141110963
0.201950569554
0.207650034192
0.203059728053
0.202185816844
0.193183833544
0.186352161955
0.188969148317
0.189628677462
0.188551627805
0.188562697444
0.182316753345
0.181458975178
0.180423462264
0.177230551003
0.180308957631
0.179781716098
0.174291873525
0.165270041155
0.166823552211
0.160207020186
0.161939965904
0.161465634036
0.163039413669
0.154443577118
0.160017356553
0.164832914492
0.162947411446
0.163633082048
0.161771203982
0.159231923592
0.156562947017
0.156818949228
0.156321125396
0.144484241442
0.153170113843
0.154842740135
0.152582937751
0.148484138497
0.156035571451
0.154565868965
0.149630945693
0.151659204225
0.149963338377
0.147326124196
0.150564182806
0.153234623245
0.149307740148
0.148269533697
0.148729744897
0.151094978297
0.146033099116
0.149143395196
0.14859845538
0.14825060584
0.148300067129
0.146138416823
0.146578008933
0.148908752644
0.147504263429
0.143747115435
0.141761055904
0.149592472758
0.145355855203
0.149102288834
0.14469324831
0.145115235296
0.147709672996
0.151026090419
0.147186931282
0.14779392377
0.146745525545
0.147040454232
0.144258160404
0.148865168306
0.144547496664
0.144472903577
0.142270646277
0.146630379172
0.143268319923
0.142943445814
0.143808323037
0.148038412931
0.14257300127
0.146885277013
0.146355647862
0.13721582773
0.137886671931
0.138307479441
0.138072235507
0.141700727429
0.140076923118
0.132646585866
0.131461079532
0.129811507874
0.130630656678
0.133945218946
0.13443598134
0.139028829103
0.135879129351
0.132045228445
0.130503328868
0.128164471587
0.129538121655
0.133373567823
0.133372859834
0.135227706575
0.126817592109
0.131322721148
0.129434044419
0.133785207478
0.132952724028
0.129745508764
0.131381666923
0.130918052732
0.130410360179
0.128867974688
0.131510022248
0.128944590547
0.127202328716
0.1289306013
0.126831787035
0.129033048424
0.123106102004
0.127019409742
0.128455815297
0.127150590005
0.127093791788
0.125811382123
0.126391005045
0.127523128494
0.127533003568
0.129997180577
0.124355594179
0.126724344405
0.12850139279
0.125724929037
0.125771599486
0.12602071633
0.127014245908
0.122661925754
0.122296506111
0.125794308885
0.124747380584
0.122669294709
0.123625783297
0.123344922422
0.121270382915
0.123726777924
0.126113270999
0.125221848602
0.121347242654
0.124257009149
0.119299259046
0.120557014923
0.121583175557
0.124356192697
0.119602915362
0.124404805469
0.117331187585
0.124019050173
0.120865320248
0.119697241998
0.124102803497
0.120835500566
0.121503966067
0.124665730835
0.120599712058
0.121600388208
0.124036032207
0.123302089995
0.12004020085
0.117607030199
0.117033637575
0.124974506255
0.121478445659
0.119378473309
0.119802167417
0.121679032745
0.11872278309
0.119089830548
0.11750736453
0.116091645593
0.117812480315
0.12309474878
0.119846199051
0.117987513328
0.123826869908
0.117794312664
0.121329532216
0.11606946204
0.119880912722
0.121830209582
0.120478985513
0.118257256209
0.121663235619
0.121503373782
0.119562767708
0.118545985373
0.118535030527
0.119318963139
0.117787874545
0.121111022865
0.117255556474
0.11584266391
0.121217590707
0.120819888145
0.118116487924
0.120331514564
0.119866061591
0.118397617581
0.11970917142
0.116023884016
0.118078735165
0.12062908208
0.116798615781
0.115055697629
0.116635643356
0.117478166541
0.115547575889
0.124773250629
0.119364917536
0.118692148577
0.120477799387
0.115659720428
0.118639844247
0.118705952041
0.119012019089
0.119156382968
0.120962865634
0.118253084999
0.117845665471
0.117023319595
0.116156856997
0.11440566874
0.113497029221
0.120393341547
0.115453788476
0.117675836959
0.114605138004
0.11626734442
0.116611100548
0.119423107802
0.114696163404
0.116991474935
0.118583311641
0.117583229238
0.118943383746
0.118917741673
0.119078512076
0.116172716966
0.118855364019
0.117497679408
0.11998001964
0.119058234325
0.122870904551
0.116579186448
0.115956965456
0.112974333042
0.117671113661
0.120628263697
0.114230327519
0.108266752216
0.105849140191
0.108338101761
0.108845861676
0.107822476076
0.104189861584
0.105109735008
0.107495587462
0.106994589129
0.107599069946
0.112505018686
0.106108675995
0.107474090422
0.107578526031
0.10519578757
0.105058994727
0.110482518461
0.105530648145
0.106492960207
0.106056300898
0.104523998202
0.108720055449
0.10535819363
0.105914126362
0.106450305261
0.110713338212
0.102220400345
0.106904529272
0.104280744261
0.106471930481
0.103977499218
0.103999970181
0.109722541619
0.104675884174
0.107480008602
0.108865866766
0.105413290056
0.101945534769
0.107579866087
0.104424565959
0.105373154782
0.109446380841
0.105360109935
0.101763981097
0.112395590677
0.102354645519
0.103826390685
0.106021825371
0.109361557143
0.104502040954
0.109008115755
0.107570731862
0.105989758876
0.103110135168
0.105895311719
0.101804778009
0.104745499683
0.10706979403
0.107434507907
0.108272625686
0.104257704001
0.104653549751
0.108336087459
0.1055093316
0.10538239156
0.107021301271
0.105494972777
0.10410285788
0.101984418679
0.106641443694
0.107734322457
0.104708607461
0.102539363143
0.107209274901
0.108347562792
0.103781794681
0.0989648935797
0.0982394592805
0.100899450472
0.10026433512
0.0969862115549
0.0959110137596
0.101783622168
0.102436224733
0.0962813248471
0.0952143858424
0.099253713609
0.0977720944626
0.10120617075
0.101271084215
0.101843187275
0.0972978341846
0.0977266459655
0.0969245036217
0.0994945094622
0.0982794440634
0.0981236658612
0.0953434952278
0.09650329114
0.0932278271118
0.0932389562625
0.0937219287698
0.0934183064141
0.0922704082797
0.0905047276133
0.0934521329077
0.0921409058642
0.0940831582578
0.0909984125005
0.091826560488
0.0926932407996
0.0928573453771
0.090508945892
0.0896949166214
0.0922018882318
0.0893641907728
0.0903008929197
0.0923506086058
0.0873265500735
0.092357319388
0.0920519688322
0.0940950955361
0.0900049832815
0.0925973928464
0.0918560230274
0.0926746444933
0.0929281486
0.0885767621393
0.0915082596661
0.0911187379731
0.0924764348492
0.0877111813145
0.0899093293498
0.0935331077342
0.0889061117187
0.0916650368051
0.0897211388328
0.0887317208683
0.0915731680856
0.0907756617581
0.0910079529249
0.0874968083537
0.0925030735111
0.0917479432912
0.0906556382194
0.0924394110706
0.0928709342244
0.0920500790127
0.091298102389
0.0924744639338
0.0876670756313
0.0907474480573
0.0887471876698
0.0885310755262
0.0905935322
0.0885097464148
0.0953003255065
0.0885048027471
0.0878023480055
0.0916289535529
0.092541339035
0.090814537052
0.0934505155278
0.092239480343
0.0940491988419
0.091965339717
0.0893634321691
0.0943309009523
0.088703911061
0.0896809858167
0.0909109712543
0.0924474393973
0.0897188096799
0.0928270137861
0.089674061851
0.0898729698462
0.0906608344145
0.0932223660766
0.0865732603396
0.0912990293953
0.0912847388601
0.0900913693575
0.0940229107538
0.091008861893
0.0885508277094
0.0875177320149
0.0906976697218
0.0898997306098
0.0864226035416
0.0906104247333
0.0897245507524
0.091649926865
0.0915234892847
0.08741996536
0.0944773362742
0.0905989049474
0.0927354108474
0.0894628538577
0.0919950085948
0.091590165054
0.0902304959191
0.0895056871144
0.0884822160385
0.0871448553948
0.0906458126583
0.0910068073175
0.0926149084128
0.0896958016494
0.088188890257
0.086641506316
0.0923378977527
0.0914076459161
0.0903363948556
0.0866389445611
0.0898901097229
0.0874146501787
0.090156248108
0.0873860128306
0.0873787427548
0.0897031383682
0.086333220782
0.0875370619212
0.0856505017114
0.0876552497677
0.0922817497282
0.0920296816815
0.0883464611008
