1.23814991475
1.17557187579
1.13392521178
1.15652442583
1.14143182039
1.08612045393
1.11186114385
1.09761133099
1.10068129174
1.06520747458
1.06356505671
1.03424362862
0.979318048069
0.977245290324
0.992967362558
0.971195680977
0.975642628964
0.960708988158
0.968216084105
0.905297111172
0.884149514094
0.891671549338
0.828661025588
0.86131151575
0.852244241819
0.831457689075
0.787207802193
0.767333462011
0.789950010939
0.753886553749
0.764846361855
0.781973022239
0.767804397139
0.764496401302
0.749175935191
0.731113423871
0.756683750942
0.733036386615
0.720999974721
0.708213943489
0.703676725616
0.692757026455
0.6829962846
0.679908482259
0.677251204178
0.667096296974
0.673961198409
0.656859432922
0.657497656976
0.648929192855
0.645432098544
0.645344007708
0.640313431911
0.643189233053
0.651296501041
0.648910168927
0.650104363311
0.636033622692
0.630895122905
0.631687410362
0.604017297036
0.618428070943
0.617145517655
0.639601754425
0.614393371767
0.615792145683
0.637112874546
0.631187891325
0.627752394735
0.611738482406
0.588781853914
0.588293540533
0.582802141706
0.579393352981
0.567343437094
0.554997313565
0.549716052687
0.5642330869
0.554492448398
0.554474607525
0.557723984243
0.560250310266
0.535667825125
0.541882649787
0.585585067976
0.561065656946
0.558512035795
0.558504747789
0.556112816405
0.550333356515
0.654678815561
0.619581329794
0.606295828612
0.614275236776
0.616531668308
0.688887879917
0.612830459694
0.697167137305
0.641424515702
0.608868391107
0.635041136157
0.599697021137
