0.364904533665
0.212429493654
0.250222490784
0.199894319271
0.206799495754
0.192247095505
0.172965981925
0.171167350834
0.190637845073
0.195573164121
0.195309759336
0.190205773041
0.179543415893
0.181749039121
0.188477365341
0.196246987423
0.212953355514
0.224208833703
0.200798665998
0.193500328211
0.192020898526
0.191355386118
0.190941126411
0.190657684324
0.190451776941
0.19029586728
0.19017393417
0.190075807874
0.189994638432
0.189925637341
0.189865383555
0.189811403975
0.189761901196
0.189715567803
0.189671455431
0.18962888044
0.189587355003
0.189546536266
0.189506188619
0.189466155553
0.189426338614
0.189386681633
0.189347158901
0.189307766305
0.189268514697
0.18922942495
0.18919052428
0.189151843543
0.189113415256
0.189075272179
0.189037446307
0.188999968185
0.188962866455
0.188926167582
0.188889895712
0.188854072622
0.188818717742
0.188783848225
0.188749479046
0.188715623131
0.188682291486
0.188649493345
0.188617236308
0.188585526485
0.18855436863
0.188523766272
0.188493721836
0.188464236761
0.188435311599
0.188406946124
0.18837913941
0.188351889925
0.188325195598
0.188299053891
0.188273461859
0.188248416209
0.188223913344
0.188199949416
0.188176520358
0.188153621928
0.188131249733
0.188109399266
0.188088065925
0.188067245037
0.188046931879
0.188027121696
0.188007809713
0.18798899115
0.187970661238
0.187952815221
0.187935448371
0.187918555993
0.187902133432
0.187886176078
0.187870679373
0.187855638808
0.187841049937
0.187826908367
0.187813209772
0.187799949883
0.187787124499
0.187774729482
0.187762760758
0.187751214318
0.187740086217
0.187729372575
0.187719069574
0.18770917346
0.187699680538
0.187690587175
0.187681889798
0.187673584889
0.187665668989
0.187658138693
0.187650990648
0.187644221555
0.187637828163
0.187631807271
0.187626155723
0.187620870411
0.187615948268
0.187611386269
0.187607181429
0.187603330801
0.187599831476
0.187596680577
0.187593875263
0.187591412722
0.187589290172
0.187587504861
0.187586054061
0.187584935069
0.187584145207
0.187583681817
0.18758354226
0.187583723918
0.187584224188
0.187585040484
0.187586170232
0.187587610873
0.187589359857
0.187591414645
0.187593772707
0.18759643152
0.187599388566
0.187602641332
0.187606187311
0.187610023995
0.187614148879
0.110387854738
0.0374126262648
0.000323668718115
0.000336256331724
0.000353487834594
0.0003827630945
0.000489973422647
0.000870735863575
0.00109517849079
0.00104547375665
0.00101404246575
0.000994203261641
0.00098110910266
0.000972551499697
0.000967241544317
0.000964349356716
0.000963309024477
0.0009637187616
0.000965284319127
0.000967784733987
0.00097105058371
0.000974949652549
0.000979377186155
0.000984249089805
0.000989497072199
0.000995065108814
0.00100090682071
0.00100698350125
0.00101326260979
0.00101971660722
0.00102632204568
0.00103305884952
0.00103990974212
8.91867449939e-05
6.08777324142e-05
6.31470663108e-05
6.38064946198e-05
6.38087815332e-05
6.35409484587e-05
6.31688509603e-05
6.27643722552e-05
6.23586142083e-05
6.19645904646e-05
6.15871577097e-05
6.12274827308e-05
6.0885100009e-05
6.0558874659e-05
6.02474546474e-05
5.99494796577e-05
5.96636724295e-05
5.93888731785e-05
5.91240468097e-05
5.88682776538e-05
5.86207590435e-05
5.83807813278e-05
5.81477200325e-05
5.79210249233e-05
5.77002102414e-05
5.74848461515e-05
5.72745513284e-05
5.70689865673e-05
5.6867849293e-05
5.66708688432e-05
5.64778024177e-05
5.6288431594e-05
5.61025593273e-05
5.59200073612e-05
5.57406139892e-05
5.55642321158e-05
5.53907275726e-05
5.52199776538e-05
5.5051869839e-05
5.4886300678e-05
5.4723174814e-05
5.45624041277e-05
5.44039069846e-05
5.42476075729e-05
5.40934353193e-05
5.39413243733e-05
5.37912131506e-05
5.36430439282e-05
5.34967624857e-05
5.33523177854e-05
5.32096616878e-05
5.30687486978e-05
5.29295357379e-05
5.27919819453e-05
5.26560484896e-05
5.25216984098e-05
5.23888964672e-05
5.22576090132e-05
5.21278038702e-05
5.19994502235e-05
5.18725185239e-05
5.17469803998e-05
5.16228085762e-05
5.14999768024e-05
5.13784597856e-05
5.12582331302e-05
5.11392732827e-05
5.1021557481e-05
5.09050637082e-05
5.07897706502e-05
5.06756576563e-05
5.05627047038e-05
5.04508923643e-05
5.03402017735e-05
5.02306146028e-05
5.0122113033e-05
5.00146797301e-05
4.99082978226e-05
4.98029508809e-05
4.96986228969e-05
4.95952982669e-05
4.94929617734e-05
4.93915985699e-05
4.92911941656e-05
4.91917344115e-05
4.90932054872e-05
4.89955938885e-05
4.88988864156e-05
4.88030701622e-05
4.87081325053e-05
4.86140610948e-05
4.85208438447e-05
4.84284689243e-05
4.83369247493e-05
4.82461999744e-05
4.81562834857e-05
4.8067164393e-05
4.79788320235e-05
4.78912759152e-05
4.78044858104e-05
4.771845165e-05
4.76331635675e-05
4.75486118841e-05
4.74647871028e-05
4.73816799041e-05
4.72992811405e-05
4.72175818325e-05
4.71365731638e-05
4.70562464774e-05
4.69765932711e-05
4.68976051938e-05
4.68192740417e-05
4.67415917546e-05
4.66645504125e-05
4.6588142232e-05
4.65123595631e-05
4.64371948864e-05
4.63626408092e-05
4.62886900634e-05
4.62153355022e-05
4.61425700974e-05
4.60703869368e-05
4.59987792213e-05
4.59277402631e-05
4.58572634823e-05
4.57873424052e-05
4.57179706621e-05
4.56491419843e-05
4.55808502028e-05
4.55130892458e-05
4.54458531366e-05
4.53791359919e-05
4.53129320194e-05
4.52472355165e-05
4.51820408682e-05
4.51173425451e-05
4.50531351022e-05
4.49894131767e-05
4.49261714869e-05
4.48634048299e-05
4.48011080808e-05
4.47392761907e-05
4.46779041854e-05
4.46169871639e-05
4.45565202972e-05
4.44964988266e-05
4.44369180627e-05
4.43777733838e-05
4.43190602349e-05
4.42607741263e-05
4.42029106324e-05
4.41454653907e-05
4.40884341004e-05
4.40318125213e-05
4.39755964731e-05
4.39197818337e-05
4.38643645386e-05
4.38093405797e-05
4.37547060044e-05
4.37004569146e-05
4.36465894655e-05
4.35930998651e-05
4.35399843729e-05
4.34872392993e-05
4.34348610045e-05
4.33828458977e-05
4.33311904362e-05
4.3279891125e-05
4.32289445153e-05
4.31783472042e-05
4.31280958338e-05
4.30781870906e-05
4.30286177043e-05
4.29793844476e-05
4.29304841354e-05
4.28819136236e-05
4.28336698092e-05
4.27857496289e-05
4.27381500591e-05
4.26908681147e-05
4.26439008489e-05
4.25972453523e-05
4.25508987523e-05
4.25048582129e-05
4.24591209336e-05
4.24136841491e-05
4.23685451288e-05
4.2323701176e-05
4.22791496277e-05
4.22348878538e-05
4.21909132567e-05
4.21472232708e-05
4.21038153619e-05
4.2060687027e-05
4.20178357934e-05
4.19752592185e-05
4.19329548894e-05
4.18909204222e-05
4.18491534618e-05
4.18076516814e-05
4.17664127818e-05
4.17254344914e-05
4.16847145656e-05
4.16442507865e-05
4.16040409621e-05
4.15640829264e-05
4.15243745388e-05
4.14849136839e-05
4.14456982708e-05
4.14067262328e-05
4.13679955276e-05
4.13295041361e-05
4.12912500627e-05
4.12532313345e-05
4.12154460015e-05
4.11778921358e-05
4.11405678315e-05
4.11034712044e-05
4.10666003913e-05
4.10299535505e-05
4.09935288608e-05
4.09573245213e-05
4.09213387515e-05
4.08855697906e-05
4.08500158974e-05
4.081467535e-05
4.07795464456e-05
4.07446275001e-05
4.0709916848e-05
4.06754128419e-05
4.06411138524e-05
4.0607018268e-05
4.05731244947e-05
4.05394309557e-05
4.05059360911e-05
4.04726383579e-05
4.04395362298e-05
4.04066281967e-05
4.03739127646e-05
4.03413884555e-05
4.0309053807e-05
4.02769073723e-05
4.02449477196e-05
4.02131734325e-05
4.01815831092e-05
4.01501753628e-05
4.01189488206e-05
4.00879021245e-05
4.00570339302e-05
4.00263429074e-05
3.99958277397e-05
3.9965487124e-05
3.99353197706e-05
3.99053244031e-05
3.98754997581e-05
3.9845844585e-05
3.9816357646e-05
3.97870377155e-05
3.97578835807e-05
3.97288940407e-05
3.97000679067e-05
3.96714040019e-05
3.96429011611e-05
3.96145582308e-05
3.95863740689e-05
3.95583475445e-05
3.95304775381e-05
3.95027629409e-05
3.94752026552e-05
3.9447795594e-05
3.94205406809e-05
3.93934368499e-05
3.93664830454e-05
3.9339678222e-05
3.93130213444e-05
3.92865113873e-05
3.92601473352e-05
3.92339281822e-05
3.92078529322e-05
3.91819205985e-05
3.91561302037e-05
3.91304807797e-05
3.91049713676e-05
3.90796010175e-05
3.90543687883e-05
3.90292737478e-05
3.90043149726e-05
3.89794915478e-05
3.89548025669e-05
3.89302471319e-05
3.89058243532e-05
3.88815333492e-05
3.88573732465e-05
3.88333431796e-05
3.88094422911e-05
3.87856697313e-05
3.87620246581e-05
3.87385062373e-05
3.87151136419e-05
3.86918460527e-05
3.86687026577e-05
3.86456826522e-05
3.86227852386e-05
3.86000096265e-05
3.85773550326e-05
3.85548206804e-05
3.85324058003e-05
3.85101096296e-05
3.84879314123e-05
3.84658703988e-05
3.84439258464e-05
3.84220970185e-05
3.84003831853e-05
3.83787836231e-05
3.83572976145e-05
3.83359244483e-05
3.83146634195e-05
3.8293513829e-05
3.82724749839e-05
3.82515461969e-05
3.8230726787e-05
3.82100160785e-05
3.81894134018e-05
3.81689180928e-05
3.81485294931e-05
3.81282469496e-05
3.81080698148e-05
3.80879974469e-05
3.80680292089e-05
3.80481644696e-05
3.80284026027e-05
3.80087429873e-05
3.79891850074e-05
3.79697280524e-05
3.79503715164e-05
3.79311147985e-05
3.79119573029e-05
3.78928984385e-05
3.7873937619e-05
3.78550742629e-05
3.78363077934e-05
3.78176376383e-05
3.779906323e-05
3.77805840054e-05
3.77621994062e-05
3.7743908878e-05
3.77257118714e-05
3.7707607841e-05
3.76895962458e-05
3.7671676549e-05
3.76538482181e-05
3.76361107249e-05
3.76184635451e-05
3.76009061585e-05
3.75834380492e-05
3.75660587052e-05
3.75487676182e-05
3.75315642842e-05
3.75144482028e-05
3.74974188777e-05
3.74804758162e-05
3.74636185295e-05
3.74468465324e-05
3.74301593435e-05
3.74135564849e-05
3.73970374826e-05
3.73806018658e-05
3.73642491676e-05
3.73479789244e-05
3.7331790676e-05
3.73156839659e-05
3.72996583408e-05
3.72837133508e-05
3.72678485493e-05
3.72520634932e-05
3.72363577423e-05
3.722073086e-05
3.72051824128e-05
3.71897119701e-05
3.71743191049e-05
3.7159003393e-05
3.71437644132e-05
3.71286017477e-05
3.71135149814e-05
3.70985037023e-05
3.70835675014e-05
3.70687059726e-05
3.70539187127e-05
3.70392053212e-05
3.70245654008e-05
3.70099985568e-05
3.69955043973e-05
3.69810825331e-05
3.6966732578e-05
3.69524541482e-05
3.69382468627e-05
3.69241103432e-05
3.69100442142e-05
3.68960481023e-05
3.68821216373e-05
3.68682644512e-05
3.68544761784e-05
3.68407564563e-05
3.68271049244e-05
3.68135212248e-05
3.68000050019e-05
3.67865559028e-05
3.67731735768e-05
3.67598576756e-05
3.67466078532e-05
3.6733423766e-05
3.67203050728e-05
3.67072514346e-05
3.66942625146e-05
3.66813379783e-05
3.66684774935e-05
3.66556807301e-05
3.66429473603e-05
3.66302770583e-05
3.66176695006e-05
3.66051243657e-05
3.65926413344e-05
3.65802200893e-05
3.65678603155e-05
3.65555616996e-05
3.65433239307e-05
3.65311466997e-05
3.65190296995e-05
3.6506972625e-05
3.64949751732e-05
3.64830370428e-05
3.64711579346e-05
3.64593375512e-05
3.64475755972e-05
3.64358717791e-05
3.6424225805e-05
3.64126373853e-05
3.64011062317e-05
3.63896320581e-05
3.63782145801e-05
3.63668535151e-05
3.6355548582e-05
3.63442995019e-05
3.63331059972e-05
3.63219677924e-05
3.63108846135e-05
3.62998561882e-05
3.62888822458e-05
3.62779625175e-05
3.6267096736e-05
3.62562846356e-05
3.62455259523e-05
3.62348204236e-05
3.62241677888e-05
3.62135677885e-05
3.62030201652e-05
3.61925246626e-05
3.61820810262e-05
3.61716890029e-05
3.61613483411e-05
3.61510587909e-05
3.61408201037e-05
3.61306320324e-05
3.61204943314e-05
3.61104067566e-05
3.61003690652e-05
3.6090381016e-05
3.60804423691e-05
3.60705528861e-05
3.60607123299e-05
3.60509204648e-05
3.60411770567e-05
3.60314818724e-05
3.60218346805e-05
3.60122352507e-05
3.60026833541e-05
3.59931787631e-05
3.59837212515e-05
3.59743105942e-05
3.59649465677e-05
3.59556289493e-05
3.59463575182e-05
3.59371320542e-05
3.59279523389e-05
3.59188181547e-05
3.59097292857e-05
3.59006855167e-05
3.58916866341e-05
3.58827324253e-05
3.58738226791e-05
3.58649571852e-05
3.58561357346e-05
3.58473581196e-05
3.58386241334e-05
3.58299335706e-05
3.58212862268e-05
3.58126818987e-05
3.58041203842e-05
3.57956014823e-05
3.57871249931e-05
3.57786907178e-05
3.57702984585e-05
3.57619480188e-05
3.5753639203e-05
3.57453718167e-05
3.57371456662e-05
3.57289605594e-05
3.57208163047e-05
3.57127127119e-05
3.57046495916e-05
3.56966267556e-05
3.56886440166e-05
3.56807011883e-05
3.56727980854e-05
3.56649345236e-05
3.56571103197e-05
3.56493252913e-05
3.5641579257e-05
3.56338720364e-05
3.56262034501e-05
3.56185733196e-05
3.56109814672e-05
3.56034277164e-05
3.55959118915e-05
3.55884338176e-05
3.5580993321e-05
3.55735902285e-05
3.55662243683e-05
3.5558895569e-05
3.55516036605e-05
3.55443484733e-05
3.55371298389e-05
3.55299475896e-05
3.55228015587e-05
3.55156915803e-05
3.55086174893e-05
3.55015791213e-05
3.54945763132e-05
3.54876089022e-05
3.54806767267e-05
3.54737796258e-05
3.54669174394e-05
3.54600900082e-05
3.54532971737e-05
3.54465387784e-05
3.54398146654e-05
3.54331246785e-05
3.54264686625e-05
3.54198464629e-05
3.5413257926e-05
3.54067028988e-05
3.54001812291e-05
3.53936927655e-05
3.53872373573e-05
3.53808148547e-05
3.53744251083e-05
3.53680679698e-05
3.53617432914e-05
3.53554509263e-05
3.53491907282e-05
3.53429625514e-05
3.53367662514e-05
3.53306016838e-05
3.53244687055e-05
3.53183671736e-05
3.53122969462e-05
3.53062578821e-05
3.53002498406e-05
3.52942726818e-05
3.52883262665e-05
3.52824104562e-05
3.5276525113e-05
3.52706700996e-05
3.52648452796e-05
3.5259050517e-05
3.52532856767e-05
3.5247550624e-05
3.52418452251e-05
3.52361693467e-05
3.52305228561e-05
3.52249056214e-05
3.52193175112e-05
3.52137583947e-05
3.52082281419e-05
3.52027266232e-05
3.51972537098e-05
3.51918092734e-05
3.51863931865e-05
3.51810053219e-05
3.51756455532e-05
3.51703137547e-05
3.5165009801e-05
3.51597335675e-05
3.51544849301e-05
3.51492637655e-05
3.51440699507e-05
3.51389033634e-05
3.51337638818e-05
3.51286513849e-05
3.5123565752e-05
3.51185068631e-05
3.51134745987e-05
3.510846884e-05
3.51034894685e-05
3.50985363666e-05
3.50936094169e-05
3.50887085028e-05
3.50838335081e-05
3.50789843171e-05
3.50741608149e-05
3.50693628869e-05
3.5064590419e-05
3.50598432978e-05
3.50551214103e-05
3.50504246441e-05
3.50457528873e-05
3.50411060284e-05
3.50364839567e-05
3.50318865616e-05
3.50273137334e-05
3.50227653627e-05
3.50182413406e-05
3.50137415587e-05
3.50092659093e-05
3.50048142849e-05
3.50003865786e-05
3.49959826842e-05
3.49916024956e-05
3.49872459074e-05
3.49829128148e-05
3.49786031132e-05
3.49743166987e-05
3.49700534677e-05
3.49658133173e-05
3.49615961448e-05
3.49574018482e-05
3.49532303258e-05
3.49490814764e-05
3.49449551993e-05
3.49408513942e-05
3.49367699614e-05
3.49327108014e-05
3.49286738153e-05
3.49246589048e-05
3.49206659717e-05
3.49166949185e-05
3.4912745648e-05
3.49088180635e-05
3.49049120688e-05
3.4901027568e-05
3.48971644657e-05
3.4893322667e-05
3.48895020772e-05
3.48857026024e-05
3.48819241486e-05
3.48781666227e-05
3.48744299318e-05
3.48707139835e-05
3.48670186856e-05
3.48633439467e-05
3.48596896753e-05
3.48560557808e-05
3.48524421727e-05
3.48488487611e-05
3.48452754562e-05
3.4841722169e-05
3.48381888105e-05
3.48346752924e-05
3.48311815267e-05
3.48277074257e-05
3.48242529022e-05
3.48208178693e-05
3.48174022406e-05
3.48140059299e-05
3.48106288516e-05
3.48072709204e-05
3.48039320512e-05
3.48006121596e-05
3.47973111612e-05
3.47940289724e-05
3.47907655096e-05
3.47875206898e-05
3.47842944302e-05
3.47810866484e-05
3.47778972626e-05
3.4774726191e-05
3.47715733524e-05
3.47684386658e-05
3.47653220507e-05
3.4762223427e-05
3.47591427147e-05
3.47560798344e-05
3.47530347069e-05
3.47500072534e-05
3.47469973954e-05
3.47440050549e-05
3.4741030154e-05
3.47380726154e-05
3.4735132362e-05
3.4732209317e-05
3.47293034039e-05
3.47264145468e-05
3.47235426699e-05
3.47206876977e-05
3.47178495553e-05
3.47150281677e-05
3.47122234607e-05
3.470943536e-05
3.4706663792e-05
3.47039086832e-05
3.47011699603e-05
3.46984475508e-05
3.46957413819e-05
3.46930513816e-05
3.4690377478e-05
3.46877195995e-05
3.46850776749e-05
3.46824516332e-05
3.4679841404e-05
3.46772469167e-05
3.46746681015e-05
3.46721048887e-05
3.46695572087e-05
3.46670249927e-05
3.46645081717e-05
3.46620066772e-05
3.46595204412e-05
3.46570493956e-05
3.46545934729e-05
3.46521526057e-05
3.46497267272e-05
3.46473157704e-05
3.46449196691e-05
3.4642538357e-05
3.46401717683e-05
3.46378198374e-05
3.46354824991e-05
3.46331596884e-05
3.46308513404e-05
3.46285573909e-05
3.46262777756e-05
3.46240124306e-05
3.46217612924e-05
3.46195242976e-05
3.46173013832e-05
3.46150924864e-05
3.46128975447e-05
3.46107164959e-05
3.46085492779e-05
3.46063958292e-05
3.46042560882e-05
3.46021299939e-05
3.46000174853e-05
3.45979185018e-05
3.4595832983e-05
3.45937608688e-05
3.45917020994e-05
3.45896566152e-05
3.45876243568e-05
3.45856052653e-05
3.45835992817e-05
3.45816063476e-05
3.45796264045e-05
3.45776593945e-05
3.45757052598e-05
3.45737639428e-05
3.45718353862e-05
3.45699195329e-05
3.45680163262e-05
3.45661257095e-05
3.45642476265e-05
3.4562382021e-05
3.45605288374e-05
3.45586880199e-05
3.45568595133e-05
3.45550432624e-05
3.45532392124e-05
3.45514473086e-05
3.45496674966e-05
3.45478997224e-05
3.45461439319e-05
3.45444000715e-05
3.45426680877e-05
3.45409479274e-05
3.45392395374e-05
3.4537542865e-05
3.45358578578e-05
3.45341844634e-05
3.45325226296e-05
3.45308723047e-05
3.45292334371e-05
3.45276059752e-05
3.4525989868e-05
3.45243850644e-05
3.45227915138e-05
3.45212091655e-05
3.45196379693e-05
3.45180778751e-05
3.45165288331e-05
3.45149907935e-05
3.4513463707e-05
3.45119475242e-05
3.45104421963e-05
3.45089476744e-05
3.45074639098e-05
3.45059908543e-05
3.45045284597e-05
3.45030766779e-05
3.45016354613e-05
3.45002047623e-05
3.44987845336e-05
3.4497374728e-05
3.44959752986e-05
3.44945861987e-05
3.44932073817e-05
3.44918388014e-05
3.44904804116e-05
3.44891321663e-05
3.44877940199e-05
3.44864659268e-05
3.44851478418e-05
3.44838397196e-05
3.44825415154e-05
3.44812531844e-05
3.4479974682e-05
3.44787059639e-05
3.4477446986e-05
3.44761977043e-05
3.44749580749e-05
3.44737280544e-05
3.44725075992e-05
3.44712966663e-05
3.44700952125e-05
3.4468903195e-05
3.44677205712e-05
3.44665472987e-05
3.4465383335e-05
3.44642286382e-05
3.44630831663e-05
3.44619468776e-05
3.44608197305e-05
3.44597016837e-05
3.44585926959e-05
3.44574927262e-05
3.44564017337e-05
3.44553196777e-05
3.44542465178e-05
3.44531822137e-05
3.44521267252e-05
3.44510800123e-05
3.44500420354e-05
3.44490127547e-05
3.44479921309e-05
3.44469801246e-05
3.44459766968e-05
3.44449818086e-05
3.44439954211e-05
3.44430174958e-05
3.44420479943e-05
3.44410868784e-05
3.44401341098e-05
3.44391896508e-05
3.44382534635e-05
3.44373255104e-05
3.4436405754e-05
3.44354941571e-05
3.44345906825e-05
3.44336952933e-05
3.44328079528e-05
3.44319286243e-05
3.44310572713e-05
3.44301938575e-05
3.44293383468e-05
3.44284907032e-05
3.44276508909e-05
3.44268188741e-05
3.44259946175e-05
3.44251780855e-05
3.4424369243e-05
3.44235680549e-05
3.44227744863e-05
3.44219885025e-05
3.44212100689e-05
3.44204391509e-05
3.44196757144e-05
3.44189197251e-05
3.4418171149e-05
3.44174299524e-05
3.44166961013e-05
3.44159695625e-05
3.44152503023e-05
3.44145382875e-05
3.4413833485e-05
3.44131358619e-05
3.44124453852e-05
3.44117620223e-05
3.44110857407e-05
3.44104165079e-05
3.44097542917e-05
3.44090990599e-05
3.44084507805e-05
3.44078094218e-05
3.44071749519e-05
3.44065473394e-05
3.44059265527e-05
3.44053125607e-05
3.44047053321e-05
3.44041048359e-05
3.44035110413e-05
3.44029239174e-05
3.44023434337e-05
3.44017695597e-05
3.4401202265e-05
3.44006415194e-05
3.44000872928e-05
3.43995395553e-05
3.43989982771e-05
3.43984634284e-05
3.43979349797e-05
3.43974129016e-05
3.43968971647e-05
3.43963877399e-05
3.43958845981e-05
3.43953877104e-05
3.4394897048e-05
3.43944125823e-05
3.43939342846e-05
3.43934621266e-05
3.439299608e-05
3.43925361166e-05
3.43920822084e-05
3.43916343274e-05
3.43911924458e-05
3.43907565359e-05
3.43903265703e-05
3.43899025214e-05
3.43894843619e-05
3.43890720646e-05
3.43886656025e-05
3.43882649486e-05
3.4387870076e-05
3.4387480958e-05
3.4387097568e-05
3.43867198795e-05
3.43863478661e-05
3.43859815016e-05
3.43856207599e-05
3.43852656148e-05
3.43849160405e-05
3.43845720112e-05
3.43842335011e-05
3.43839004848e-05
3.43835729366e-05
3.43832508314e-05
3.43829341438e-05
3.43826228487e-05
3.4382316921e-05
3.4382016336e-05
3.43817210687e-05
3.43814310944e-05
3.43811463887e-05
3.43808669269e-05
3.43805926848e-05
3.43803236381e-05
3.43800597626e-05
3.43798010342e-05
3.4379547429e-05
3.43792989233e-05
3.43790554931e-05
3.4378817115e-05
3.43785837653e-05
3.43783554207e-05
3.43781320578e-05
3.43779136535e-05
3.43777001845e-05
3.43774916279e-05
3.43772879608e-05
3.43770891603e-05
3.43768952037e-05
3.43767060685e-05
3.43765217321e-05
3.43763421721e-05
3.43761673661e-05
3.4375997292e-05
3.43758319276e-05
3.43756712509e-05
3.437551524e-05
3.43753638731e-05
3.43752171283e-05
3.43750749842e-05
3.4374937419e-05
3.43748044115e-05
3.43746759402e-05
3.43745519838e-05
3.43744325212e-05
3.43743175314e-05
3.43742069932e-05
3.4374100886e-05
3.43739991887e-05
3.43739018808e-05
3.43738089417e-05
3.43737203507e-05
3.43736360875e-05
3.43735561318e-05
3.43734804632e-05
3.43734090616e-05
3.43733419069e-05
3.43732789792e-05
3.43732202585e-05
3.4373165725e-05
3.43731153591e-05
3.4373069141e-05
3.43730270512e-05
3.43729890702e-05
3.43729551787e-05
3.43729253574e-05
3.4372899587e-05
3.43728778485e-05
3.43728601227e-05
3.43728463908e-05
3.43728366338e-05
3.4372830833e-05
3.43728289696e-05
3.43728310251e-05
3.43728369809e-05
3.43728468185e-05
3.43728605195e-05
3.43728780657e-05
3.43728994388e-05
3.43729246207e-05
3.43729535934e-05
3.43729863388e-05
3.4373022839e-05
3.43730630763e-05
3.43731070329e-05
3.4373154691e-05
3.43732060333e-05
2.51308004092e-05
2.47976562933e-05
2.47941818116e-05
2.47911532909e-05
2.47885452911e-05
2.47863341472e-05
2.47844978251e-05
2.47830157888e-05
2.47818688807e-05
2.47810392107e-05
2.47805100564e-05
2.4780265771e-05
2.47802916991e-05
2.47805741007e-05
2.47811000802e-05
2.47818575225e-05
2.47828350344e-05
2.47840218903e-05
2.47854079831e-05
2.47869837791e-05
2.47887402761e-05
2.47906689659e-05
2.4792761799e-05
2.47950111527e-05
2.47974098016e-05
2.47999508908e-05
2.48026279106e-05
2.78622617475e-05
2.72478184941e-05
2.73410045509e-05
2.74331425229e-05
2.75242492395e-05
2.76143417824e-05
2.77034374359e-05
2.77915536401e-05
2.78787079481e-05
2.79649179871e-05
2.80502014216e-05
2.81345759204e-05
2.82180591262e-05
2.83006686275e-05
2.83824219336e-05
2.84633364509e-05
2.85434294626e-05
2.86227181089e-05
2.87012193706e-05
2.87789500533e-05
1.19236771185e-05
1.20208125303e-05
1.20397400446e-05
1.20579870221e-05
1.20755799415e-05
1.20925443497e-05
1.21089048763e-05
1.21246852486e-05
1.21399083106e-05
1.21545960423e-05
1.21687695805e-05
1.21824492415e-05
1.21956545436e-05
1.22084042307e-05
1.22207162961e-05
1.22326080066e-05
1.22440959266e-05
1.22551959425e-05
1.22659232859e-05
1.22762925582e-05
9.18145975849e-06
9.19189771193e-06
9.199918409e-06
9.20784467144e-06
9.21567756061e-06
9.22341812876e-06
9.23106741886e-06
9.23862646455e-06
9.24609629012e-06
9.25347791036e-06
9.26077233061e-06
9.26798054664e-06
9.27510354467e-06
9.28214230131e-06
9.28909778359e-06
9.29597094888e-06
9.30276274496e-06
9.30947410997e-06
9.31610597244e-06
9.3226592513e-06
2.57133492592e-05
2.57050898907e-05
2.57779968147e-05
2.58503105359e-05
2.59220400389e-05
2.59931941707e-05
2.60637816419e-05
2.61338110275e-05
2.62032907686e-05
2.62722291728e-05
2.63406344162e-05
2.64085145441e-05
2.64758774727e-05
2.65427309902e-05
2.66090827587e-05
2.66749403151e-05
2.67403110727e-05
2.68052023232e-05
2.68696212373e-05
2.69335748674e-05
1.85325020644e-05
1.8258081553e-05
1.82977517207e-05
1.83368401297e-05
1.83753582139e-05
1.84133172268e-05
1.84507282413e-05
1.84876021488e-05
1.85239496595e-05
1.85597813021e-05
1.85951074242e-05
1.86299381927e-05
1.86642835945e-05
1.86981534375e-05
1.87315573512e-05
1.87645047884e-05
1.87970050261e-05
1.8829067167e-05
1.88607001411e-05
1.88919127074e-05
1.5343346516e-05
1.47266385883e-05
1.47434083403e-05
1.47600694257e-05
1.47766229823e-05
1.47930701381e-05
1.48094120112e-05
1.48256497097e-05
1.48417843317e-05
1.48578169658e-05
1.48737486904e-05
1.48895805741e-05
1.49053136759e-05
1.49209490448e-05
1.49364877201e-05
1.49519307314e-05
1.49672790988e-05
1.49825338324e-05
1.49976959329e-05
1.50127663914e-05
1.50277461896e-05
8.19823279753e-06
8.05144726901e-06
8.06077360258e-06
8.07004192862e-06
8.07925295019e-06
8.08840736233e-06
8.09750585215e-06
8.10654909885e-06
8.11553777381e-06
8.1244725406e-06
8.13335405505e-06
8.14218296531e-06
8.15095991191e-06
8.15968552778e-06
8.16836043837e-06
8.17698526164e-06
8.18556060816e-06
8.19408708118e-06
8.20256527665e-06
8.2109957833e-06
8.21937918273e-06
9.88010039219e-06
9.78917959876e-06
9.78976852026e-06
9.79035269893e-06
9.79093216422e-06
9.79150694539e-06
9.79207707154e-06
9.79264257155e-06
9.79320347417e-06
9.79375980792e-06
9.79431160117e-06
9.7948588821e-06
9.79540167873e-06
9.79594001887e-06
9.7964739302e-06
9.79700344018e-06
9.79752857613e-06
9.79804936518e-06
9.79856583431e-06
9.7990780103e-06
9.79958591979e-06
1.07046932765e-05
1.06809246956e-05
1.06815618464e-05
1.06821948101e-05
1.06828236098e-05
1.06834482685e-05
1.06840688087e-05
1.06846852532e-05
1.06852976244e-05
1.06859059447e-05
1.06865102363e-05
1.06871105213e-05
1.06877068216e-05
1.0688299159e-05
1.06888875552e-05
1.06894720318e-05
1.06900526101e-05
1.06906293116e-05
1.06912021572e-05
1.06917711682e-05
1.06923363653e-05
1.43323294405e-05
1.42588362186e-05
1.42643254934e-05
1.42697923877e-05
1.42752370451e-05
1.42806596082e-05
1.42860602185e-05
1.42914390167e-05
1.42967961425e-05
1.43021317344e-05
1.43074459302e-05
1.43127388666e-05
1.43180106795e-05
1.43232615036e-05
1.43284914729e-05
1.43337007204e-05
1.43388893781e-05
1.43440575771e-05
1.43492054478e-05
1.43543331193e-05
1.43594407201e-05
1.53504847642e-05
1.51837687677e-05
1.51942701142e-05
1.52047191763e-05
1.52151163794e-05
1.52254621449e-05
1.5235756891e-05
1.5246001032e-05
1.52561949789e-05
1.52663391393e-05
1.5276433917e-05
1.52864797127e-05
1.52964769234e-05
1.5306425943e-05
1.53163271617e-05
1.53261809667e-05
1.53359877416e-05
1.5345747867e-05
1.535546172e-05
1.53651296747e-05
1.53747521016e-05
7.46989576713e-06
7.4799622593e-06
7.48388124009e-06
7.48777873026e-06
7.49165491261e-06
7.49550996842e-06
7.49934407741e-06
7.50315741782e-06
7.50695016635e-06
7.51072249823e-06
7.51447458719e-06
7.51820660549e-06
7.52191872394e-06
7.52561111186e-06
7.52928393718e-06
7.53293736635e-06
7.53657156442e-06
7.54018669504e-06
7.54378292044e-06
7.54736040148e-06
1.08577453089e-05
1.0789416492e-05
1.07906660779e-05
1.07919125065e-05
1.07931557904e-05
1.07943959421e-05
1.07956329739e-05
1.07968668982e-05
1.07980977274e-05
1.07993254736e-05
1.08005501491e-05
1.0801771766e-05
1.08029903363e-05
1.08042058721e-05
1.08054183854e-05
1.0806627888e-05
1.08078343918e-05
1.08090379087e-05
1.08102384503e-05
1.08114360283e-05
1.08126306545e-05
4.61771208874e-06
4.62720716074e-06
4.62881265253e-06
4.63041644681e-06
4.6320185498e-06
4.6336189677e-06
4.63521770668e-06
4.63681477291e-06
4.63841017251e-06
4.64000391159e-06
4.64159599624e-06
4.64318643251e-06
4.64477522646e-06
4.64636238409e-06
4.6479479114e-06
4.64953181436e-06
4.65111409892e-06
4.65269477101e-06
4.65427383654e-06
4.65585130138e-06
1.1496770398e-05
1.14544408393e-05
1.14560554206e-05
1.14576677678e-05
1.14592778849e-05
1.14608857761e-05
1.14624914453e-05
1.14640948965e-05
1.1465696134e-05
1.14672951615e-05
1.14688919833e-05
1.14704866033e-05
1.14720790255e-05
1.14736692539e-05
1.14752572925e-05
1.14768431452e-05
1.14784268162e-05
1.14800083092e-05
1.14815876284e-05
1.14831647776e-05
1.14847397608e-05
5.54267373765e-06
5.53957563425e-06
5.53970171467e-06
5.53982722948e-06
5.53995218008e-06
5.54007656784e-06
5.54020039414e-06
5.54032366035e-06
5.54044636785e-06
5.540568518e-06
5.54069011218e-06
5.54081115173e-06
5.54093163801e-06
5.54105157238e-06
5.54117095618e-06
5.54128979076e-06
5.54140807746e-06
5.54152581763e-06
5.54164301258e-06
5.54175966366e-06
5.54187577219e-06
